print(4+2)
a=24;
b=415;
