print(4+2)
a=24;
b=415;
A=[112, 21]
B=12;
